200 198.2
0 0
3 5
12 14
17 9
26 30
37 23
40 11
46 23
52 22
56 18
60 27
63 31
68 45
74 53
75 62
75 68
92 76
95 80
100 100

400 397.1
0 0
3 5
6 22
11 25
12 14
17 9
24 38
26 36
26 30
30 23
33 19
37 23
39 51
42 62
42 58
43 72
46 81
54 78
57 48
63 31
68 45
68 53
71 58
72 73
73 67
74 53
75 62
75 68
76 60
89 98
92 98
95 80
100 100

600 598.3
0 0
3 5
6 22
11 25
12 14
16 2
17 9
23 53
23 69
29 63
32 72
34 92
36 64
36 72
39 92
43 72
44 41
45 37
46 23
52 22
55 5
56 18
60 27
63 31
64 55
66 80
67 75
70 94
75 62
75 68
76 62
76 57
76 60
79 36
84 27
86 13
95 68
99 78
100 100

800 784.8
0 0
3 5
6 22
7 41
11 25
12 14
16 2
17 9
18 62
19 70
23 53
24 38
26 36
26 30
30 23
32 3
33 19
37 23
39 51
42 62
42 58
42 38
43 35
44 25
44 41
45 37
46 23
51 35
52 7
55 5
56 18
60 27
63 31
64 55
65 91
65 94
66 80
67 75
68 53
71 58
72 73
73 67
74 53
74 28
76 57
76 60
79 36
82 3
86 13
93 67
95 68
99 78
100 100

1000 975.3
0 0
3 5
6 22
7 41
11 25
12 14
16 2
17 9
18 54
18 62
19 70
22 80
23 53
23 69
26 36
26 30
30 23
32 3
33 19
37 23
39 51
40 11
42 9
42 38
43 35
44 25
44 41
45 37
46 23
51 35
52 7
52 22
55 5
56 18
60 27
63 31
64 55
65 91
65 94
66 80
67 75
68 45
68 53
71 58
72 73
73 67
74 53
74 28
75 68
76 62
76 57
76 60
79 34
79 36
81 9
82 3
84 27
86 13
93 67
95 80
99 78
100 100

1500 1456.8
0 0
3 41
6 22
7 41
11 25
12 14
13 66
15 77
17 98
18 54
18 62
19 70
22 80
23 53
23 69
24 38
26 36
26 30
29 63
32 72
33 19
36 72
39 51
40 11
42 9
42 38
43 72
44 41
45 37
46 81
52 22
55 5
56 18
57 48
58 66
60 84
63 88
64 55
65 91
65 94
66 80
67 75
68 45
68 53
70 94
72 73
73 67
74 53
74 28
75 62
75 68
76 62
76 57
76 60
79 34
79 36
81 90
81 99
85 97
86 13
93 74
93 67
95 80
95 68
99 78
100 100

