=====================================
680-500-180-660-690-600-830-790-480-510-390-330-190-020-630-790-440-510-620-820-420-300-470-510-270-590-140-890-260-170-200-890-200-890-390-160-450-940-500
total 39 nodes
=====================================
020 140 160 170 180 190 200 200 260 270 300 330 390 390 420 440 450 470 480 500 500 510 510 510 590 600 620 630 660 680 690 790 790 820 830 890 890 890 940 
total 39 nodes (sorted)
=====================================
   940
      890
         890
            890
                     830
                  820
                        790
                              790
                                 690
                                       680
                                    660
                           630
                     620
                        600
               590
                  510
                     510
                        510
500
            500
         480
      470
   450
               440
            420
         390
                           390
                        330
                     300
                  270
               260
            200
               200
                     190
                        180
                  170
      160
         140
            020
BST height 14
=====================================
TIME 0.00529 seconds
